#z_cmb mb dmb
0.334704 22.93445 0.12605
0.331014 22.8802 0.11765
0.403935 24.0377 0.2056
0.464238 24.34685 0.17385
0.444003 24.3605 0.17435
0.270839 22.28785 0.1245
0.262439 22.05915 0.12645
0.220941 21.40915 0.1028
0.318058 23.21635 0.1587
0.486358 24.41155 0.1642
0.409385 23.79645 0.24445
0.472832 24.40275 0.16645
0.441041 24.2188 0.11585
0.371176 23.3354 0.1666
0.174066 20.64495 0.10525
0.461937 24.1237 0.1478
0.35846 23.1648 0.1335
0.499098 24.69965 0.1408
0.368264 23.34385 0.1258
0.443381 23.85445 0.1588
0.477392 24.37895 0.13735
0.486774 24.66675 0.15105
0.423172 23.8481 0.15575
0.43362 24.10805 0.1549
0.495818 24.828 0.153
0.411986 23.7492 0.1738
0.455972 24.1545 0.1807
0.270393 22.1401 0.1211
0.263937 21.95965 0.1186
0.343306 23.15915 0.14165
0.412449 23.7115 0.26255
0.427305 23.8056 0.16465
0.3718 23.2429 0.12625
0.382956 23.5114 0.1131
0.500697 25.0798 0.19135
0.379129 23.47615 0.1329
0.263802 21.9694 0.11425
0.311081 22.4159 0.12515
0.355919 22.98515 0.13425
0.428793 23.763 0.19155
0.45136 24.3356 0.14625
0.487379 24.68515 0.14485
0.254021 21.9463 0.10555
0.447733 24.0795 0.17055
0.37936 23.7392 0.1593
0.354135 22.8926 0.1438
0.507095 24.7289 0.16015
0.296983 22.35675 0.1192
0.412162 23.90875 0.1805
0.406588 23.844 0.2326
0.482372 24.54795 0.15235
0.428274 23.81055 0.18275
0.318987 22.73255 0.11785
0.489499 24.80665 0.17245
0.456678 24.22255 0.1456
0.360106 23.2428 0.11755
0.453116 24.39785 0.1526
0.366587 23.22495 0.12065
0.463663 24.3693 0.14625
0.461935 24.4442 0.16535
0.369384 23.5694 0.1417
0.328323 22.8653 0.1136
0.407814 23.6132 0.1518
0.245021 21.79365 0.10225
0.156389 20.4558 0.10405
0.405456 23.59755 0.1484
0.479771 24.355 0.1708
0.300043 22.751 0.1294
0.411758 23.95255 0.2153
0.365418 23.38495 0.13845
0.338519 23.11305 0.1165
0.390953 23.62155 0.1659
0.26012 22.2272 0.1136
0.259023 22.14445 0.11065
0.26214 22.23665 0.113
0.46586 24.3402 0.1332
0.480854 24.7687 0.10935
0.295561 22.59095 0.12095
0.471104 24.1804 0.14085
0.324584 22.7752 0.1151
0.367329 23.36785 0.1608
0.446195 24.09575 0.1555
0.39927 23.6337 0.1611
0.427151 24.00735 0.1527
0.424192 23.77845 0.1399
0.270355 22.04575 0.11295
0.459673 24.31865 0.1304
0.179965 20.8469 0.1023
0.393071 23.6259 0.1613
0.375234 23.4022 0.15455
0.432044 23.92525 0.14995
0.319992 22.804 0.1221
0.332162 22.9275 0.13225
0.336588 22.9705 0.1253
0.369991 23.44375 0.14055
0.41147 23.77905 0.15635
0.432167 24.05415 0.16035
0.440732 24.1069 0.13815
0.288494 22.564 0.11045
0.446915 24.55735 0.16345
0.3684 23.6081 0.12955
0.418649 24.0226 0.19335
0.455631 24.3054 0.1427
0.446299 24.2544 0.1837
0.333662 23.0505 0.13595
0.348016 22.9345 0.1665
0.451189 24.1676 0.18525
0.111356 19.4684 0.10355
0.307326 22.57415 0.1349
0.406056 23.9441 0.2905
0.420854 23.90005 0.1628
0.288028 22.44625 0.1075
0.408512 23.7527 0.18375
0.365728 23.2437 0.1229
0.418834 23.87645 0.2029
0.354968 23.16815 0.1249
0.458866 24.3105 0.16975
0.303349 22.36675 0.109
0.231703 21.64245 0.0939
0.367381 23.52355 0.1372
0.257019 22.11525 0.111
0.248651 21.7829 0.10685
0.310135 22.78895 0.14135
0.225838 21.47215 0.12535
0.315664 22.62945 0.13775
0.387337 23.66065 0.20445
0.211742 21.1762 0.0993
0.480495 24.7416 0.1923
0.384699 23.46015 0.1303
0.378206 23.3767 0.1266
0.366399 23.2373 0.13895
0.41848 23.82525 0.2057
0.433941 24.24705 0.1593
0.268958 22.24455 0.1019
0.459027 24.33175 0.14855
0.437127 24.0942 0.17835
0.368587 23.2686 0.09915
0.370566 23.30085 0.13005
0.434578 24.2078 0.16885
0.339411 23.12745 0.1329
0.389391 23.37 0.2329
0.303073 22.5623 0.1145
0.368587 23.46355 0.14025
0.398337 23.74875 0.17955
0.383435 23.4108 0.1628
0.294104 22.5154 0.11755
0.311148 22.36265 0.1377
0.423302 24.04855 0.24055
0.425954 24.26275 0.21515
0.259023 21.74 0.12
0.339829 23.18845 0.1355
0.391594 23.60755 0.1943
0.319996 22.65205 0.12925
0.208541 21.15515 0.1079
0.426178 23.92255 0.19885
0.476645 24.6116 0.16365
0.252353 21.9137 0.10655
0.495909 24.92305 0.1439
0.448638 24.26675 0.14105
0.449863 24.3431 0.12085
0.489991 24.5736 0.1577
0.430748 24.03965 0.1583
0.467507 24.42165 0.14325
0.447215 24.20795 0.1668
0.385459 23.4134 0.138
0.482908 24.7653 0.2009
0.410777 23.78265 0.16195
0.434088 24.3849 0.17855
0.463511 24.39625 0.15285
0.339646 22.98745 0.11725
0.319908 23.1005 0.141
0.481301 24.7789 0.1829
0.38677 23.4092 0.1432
0.381073 23.56625 0.1433
0.36092 23.2891 0.13595
0.358048 23.2494 0.1349
0.423834 24.06925 0.19205
0.207601 21.15835 0.1082
0.432331 23.97575 0.15445
0.461937 24.54425 0.17845
0.35846 23.6061 0.15165
0.324653 22.74835 0.1138
0.479774 24.57175 0.18725
0.322365 22.6952 0.109
0.471794 24.5781 0.1577
0.387217 23.1617 0.17705
0.42397 24.02845 0.2108
0.295105 22.38625 0.1152
0.348865 22.98355 0.1266
0.423634 24.09175 0.17825
0.378832 23.5447 0.14865
0.412449 23.8387 0.16475
0.49579 24.78095 0.143
0.431511 24.0557 0.15165
0.391594 23.6045 0.2013
0.340191 23.02365 0.1762
0.446195 24.0139 0.1301
0.44466 23.82255 0.1606
0.417131 23.84395 0.19425
0.433967 24.2307 0.1806
0.474163 24.5128 0.1511
0.418158 23.68915 0.15095
0.366928 23.1779 0.1197
0.489988 24.80925 0.14255
0.393439 23.53665 0.159
0.483671 24.4717 0.1405
0.3158 22.76265 0.11115
0.401431 23.78495 0.1775
0.197747 21.16055 0.10805
0.389581 23.49005 0.184
0.34867 23.06945 0.11085
0.436006 24.17605 0.17625
0.270339 22.15255 0.1043
0.411474 23.88895 0.1728
0.271933 22.11185 0.1039
0.460329 24.3052 0.1508
0.376271 23.58805 0.1429
0.34825 22.9223 0.1289
0.285959 22.2601 0.1151
0.270871 22.20135 0.10745
0.456519 24.0253 0.15175
0.347591 23.059 0.11385
0.482469 24.704 0.21015
0.356421 23.2838 0.1242
0.457153 24.3261 0.1858
0.421186 23.8687 0.19785
0.306783 22.67285 0.1137
0.220279 21.5746 0.1073
0.341936 23.03865 0.109
0.514752 24.6873 0.16415
0.211661 21.24725 0.1051
0.20032 21.1763 0.1114
0.411127 23.7924 0.2171
0.422005 23.7684 0.19115
0.499452 24.6122 0.0953
0.290508 22.451 0.10895
0.112523 19.5429 0.11965
0.203676 21.3344 0.1818
0.0813805 18.64345 0.10605
0.105402 19.19345 0.0991
0.155091 20.2951 0.1284
0.12323 19.871 0.11635
0.131726 19.7933 0.10325
0.0859232 18.889 0.10285
0.222582 21.6827 0.1504
0.208347 21.3576 0.14295
0.12409 19.79675 0.1047
0.138325 19.9329 0.1156
0.109449 19.3948 0.11665
0.112058 19.36855 0.113
0.14771 20.15345 0.09925
0.141248 20.03175 0.1083
0.138065 19.92285 0.11045
0.19671 20.86815 0.1298
0.19875 20.98175 0.13435
0.215754 21.37075 0.15505
0.248205 21.9321 0.1589
0.248516 21.82885 0.1481
0.138228 19.98615 0.10955
0.179393 20.87005 0.13435
0.107183 19.36835 0.1021
0.151233 20.72835 0.1286
0.218139 21.50115 0.13265
0.156559 20.48365 0.1298
0.0622744 17.9881 0.1134
0.204892 21.2775 0.14285
0.21842 21.2773 0.1398
0.209798 21.0609 0.1301
0.155961 20.37525 0.1056
0.0540604 17.65695 0.1072
0.245858 21.6733 0.1464
0.098303 19.1721 0.10285
0.168738 20.7001 0.1382
0.275094 22.13745 0.1395
0.174904 20.68915 0.12295
0.175781 20.78295 0.1364
0.125821 19.83575 0.113
0.201393 21.1678 0.16095
0.204081 21.2758 0.1749
0.179386 20.976 0.1685
0.0730699 18.5397 0.12205
0.0768776 18.7438 0.11605
0.145358 20.2489 0.107
0.19122 20.87655 0.14325
0.23394 21.3803 0.19765
0.0765196 18.5179 0.1055
0.158992 20.2039 0.1187
0.0754609 18.511 0.10425
0.203986 21.2564 0.16145
0.112145 19.58525 0.13485
0.0932173 19.16175 0.1443
0.110637 19.4784 0.1006
0.270089 22.46065 0.1636
0.167998 20.38595 0.11475
0.152571 20.68245 0.14335
0.139141 20.1359 0.1299
0.184632 20.8771 0.141
0.228687 21.4449 0.1446
0.199994 21.20115 0.13305
0.129405 19.91815 0.1063
0.128244 19.776 0.10335
0.176887 21.20185 0.1483
0.126348 19.8106 0.13965
0.116811 19.9293 0.1333
0.179992 21.00055 0.1346
0.277702 22.40575 0.14945
0.148356 20.3461 0.1115
0.150902 20.20345 0.1224
0.230242 21.51975 0.1301
0.106105 19.44875 0.1339
0.150274 20.2397 0.106
0.196955 21.3752 0.1882
0.16381 20.54825 0.11935
0.198923 21.09655 0.1326
0.234403 21.77705 0.16135
0.197535 21.1569 0.13055
0.119152 19.9671 0.1135
0.173745 20.6402 0.1335
0.190958 21.1547 0.12315
0.151327 20.37535 0.1134
0.180617 20.81795 0.15445
0.239359 21.8201 0.1572
0.155833 20.55175 0.1118
0.207041 21.2036 0.13865
0.153418 20.21145 0.10535
0.275378 22.03255 0.1506
0.155833 20.38765 0.1082
0.17235 20.65465 0.12075
0.150714 20.33625 0.12905
0.239862 21.7168 0.15355
0.199705 21.1676 0.1247
0.168911 20.6509 0.11955
0.109901 19.4198 0.10285
0.168842 20.64385 0.12035
0.133088 20.1226 0.10495
0.250364 21.9349 0.1592
0.163754 20.5286 0.1151
0.199635 21.0769 0.14445
0.134124 20.0251 0.1063
0.135135 19.98785 0.12595
0.136584 19.81685 0.12375
0.236058 21.8114 0.19685
0.198898 21.1261 0.1388
0.156004 20.31575 0.1235
0.15507 20.5074 0.1247
0.154062 20.37965 0.13765
0.150202 20.28545 0.129
0.150729 20.0718 0.12115
0.0669901 18.0121 0.1254
0.121234 19.66285 0.10475
0.144868 20.46515 0.1317
0.196961 20.7198 0.14705
0.12592 19.81665 0.10485
0.201042 21.2338 0.1462
0.0360795 16.7708 0.1166
0.217013 21.8807 0.2055
0.223072 21.2668 0.1491
0.165589 20.61015 0.13895
0.138161 20.07605 0.129
0.173916 21.0136 0.15075
0.191939 21.0147 0.1316
0.134192 20.14265 0.11795
0.0858397 18.94955 0.14945
0.132344 20.08555 0.11355
0.204411 21.2741 0.1446
0.175128 20.80065 0.1303
0.197322 20.88445 0.13085
0.12033 19.76485 0.11075
0.245448 21.9051 0.1809
0.0961923 19.09035 0.10245
0.286122 22.30585 0.1602
0.159028 20.4864 0.13035
0.164794 20.4352 0.1122
0.113342 19.5616 0.132
0.109457 19.44025 0.1033
0.112586 19.59325 0.10365
0.175672 20.67635 0.1429
0.174066 20.727 0.12695
0.211518 21.4883 0.15275
0.169649 20.66435 0.12435
0.212543 21.2859 0.12695
0.194601 20.98075 0.15175
0.225287 21.236 0.14645
0.260934 21.81675 0.1515
0.221844 21.60225 0.15435
0.179851 20.6719 0.1534
0.149204 20.24765 0.1249
0.190395 20.9929 0.1458
0.132682 19.99965 0.1096
0.173431 20.90475 0.1584
0.225533 21.51945 0.1501
0.238693 21.8225 0.14945
0.120276 19.7402 0.1138
0.22799 21.7708 0.1925
0.232946 21.49625 0.135
0.170345 20.73155 0.1351
0.108536 19.34125 0.09805
0.148385 20.2369 0.11045
0.199116 21.2028 0.13995
0.196981 21.1159 0.14105
0.121389 19.8495 0.1169
0.195417 21.02795 0.1175
0.195087 21.18455 0.15195
0.239179 21.3618 0.137
0.215932 21.4485 0.153
0.230793 21.4204 0.15885
0.178544 20.89395 0.15665
0.168821 20.5734 0.12555
0.159699 20.4061 0.1552
0.224824 21.3714 0.15315
0.185641 20.83435 0.15045
0.236828 21.45975 0.15795
0.120585 20.12265 0.11415
0.0808655 18.6796 0.1066
0.0786297 18.62285 0.1057
0.159833 20.6486 0.11825
0.0849027 18.8576 0.109
0.11419 19.58985 0.12795
0.207205 21.1668 0.15835
0.20718 21.4559 0.17885
0.16367 20.61715 0.12925
0.128335 19.83975 0.1218
0.174604 21.14485 0.1818
0.152341 20.30175 0.11325
0.160158 20.6928 0.11925
0.252895 21.7897 0.1618
0.105241 19.41925 0.10595
0.223928 21.5295 0.1639
0.208717 21.2679 0.15695
0.199558 21.38165 0.1409
0.186588 20.8794 0.1271
0.0789777 18.608 0.10035
0.216491 21.62545 0.19055
0.265597 22.1744 0.1645
0.230805 21.62535 0.16525
0.104416 19.38465 0.1036
0.134004 19.83105 0.1045
0.200064 21.2982 0.13225
0.200952 21.209 0.1266
0.114582 19.5471 0.1075
0.236023 21.72385 0.1693
0.229934 21.66705 0.1633
0.212952 21.3419 0.169
0.226712 21.57975 0.1437
0.159579 20.46505 0.1185
0.110067 19.4023 0.1022
0.238165 21.63085 0.14295
0.235941 21.83605 0.15525
0.168358 20.60265 0.13765
0.174502 20.6247 0.1276
0.151608 20.4025 0.1152
0.23264 21.872 0.13765
0.176494 20.8217 0.1308
0.242464 21.6956 0.1358
0.178921 20.9318 0.14225
0.0699664 18.2988 0.10185
0.204708 21.37115 0.15
0.155733 20.3647 0.13065
0.104256 19.29475 0.10185
0.0608653 17.87655 0.1109
0.0933652 19.16045 0.103
0.0424849 16.92415 0.11995
0.142191 19.9345 0.12155
0.143828 20.0523 0.1219
0.145613 20.12375 0.14255
0.107374 19.52005 0.11295
0.12169 19.76995 0.1308
0.189318 20.92065 0.1527
0.197528 21.0223 0.14645
0.182064 21.0804 0.1546
0.151773 20.2809 0.1225
0.164536 20.5818 0.1167
0.186258 20.99445 0.14355
0.20898 21.45355 0.1665
0.0937103 19.10195 0.1007
0.175686 20.73185 0.12325
0.135546 19.944 0.1104
0.195605 21.24885 0.15475
0.192396 21.2481 0.14335
0.17237 20.70195 0.1319
0.200544 21.4064 0.1659
0.18374 20.861 0.12955
0.223041 21.45405 0.14295
0.247804 21.65335 0.14295
0.197271 21.128 0.1225
0.106991 19.65185 0.142
0.247504 22.21015 0.20955
0.173806 20.57655 0.1203
0.168634 20.7349 0.1164
0.221202 21.2982 0.13635
0.152873 20.13755 0.10565
0.20662 21.31275 0.1521
0.128723 19.8403 0.1023
0.246721 21.80515 0.13855
0.194698 21.3452 0.1569
0.182392 20.93075 0.1281
0.154413 20.58185 0.1376
0.132592 20.0024 0.10245
0.121312 19.70325 0.10245
0.171568 21.03995 0.18575
0.168683 20.64165 0.1209
0.165115 20.49105 0.129
0.18187 20.9356 0.1392
0.214497 21.30625 0.14505
0.157029 20.52515 0.11385
0.137433 19.83815 0.1054
0.179729 20.8854 0.1261
0.147877 20.4812 0.1283
0.196206 20.96025 0.1449
0.117901 19.59395 0.101
0.220656 21.4441 0.13595
0.147957 20.3284 0.1373
0.164089 20.70795 0.1369
0.269668 22.26255 0.14325
0.170551 20.5658 0.12095
0.148001 20.28215 0.12665
0.112468 19.526 0.1097
0.221184 21.474 0.15145
0.162184 20.5958 0.1361
0.0912065 18.95705 0.11145
0.272124 22.3047 0.0854
0.105442 19.35185 0.11365
0.161003 20.5315 0.1404
0.191311 21.01435 0.146
0.137046 19.99615 0.1245
0.0730183 18.7576 0.11205
0.121628 19.99935 0.13335
0.189358 20.88475 0.1537
0.135472 20.02475 0.15485
0.081161 18.4809 0.11615
0.115005 19.79635 0.12165
0.154141 20.3359 0.12625
0.204164 21.13985 0.14805
0.177976 20.8123 0.13625
0.126782 19.90865 0.1399
0.120129 19.58645 0.1105
0.170076 20.934 0.1568
0.269748 22.04745 0.1558
0.114449 19.61205 0.10875
0.210472 21.33225 0.14765
0.217558 21.3866 0.13915
0.148654 20.5056 0.1317
0.10214 19.1271 0.10675
0.100954 19.38095 0.1026
0.132945 19.8424 0.10465
0.164229 20.7379 0.13845
0.159056 20.88525 0.12885
0.15044 20.47675 0.1273
0.178517 20.7809 0.13945
0.156417 20.33785 0.1283
0.140761 20.0237 0.11915
0.204392 21.34695 0.16715
0.108576 19.58065 0.13445
0.141734 20.09405 0.10665
0.165554 20.6407 0.1317
0.211531 21.39935 0.16265
0.286112 22.165 0.1348
0.127141 19.6731 0.12755
0.0527881 17.56165 0.10915
0.183173 21.16495 0.15345
0.222528 21.42305 0.15585
0.155156 20.55265 0.14145
0.0938746 18.96075 0.10555
0.248663 22.03 0.19055
0.179251 20.76195 0.1415
0.208404 21.035 0.1514
0.139911 20.2483 0.1303
0.0965679 19.2184 0.10455
0.141653 20.0849 0.11585
0.0971225 19.24475 0.10865
0.114362 19.5083 0.1143
0.0561407 17.71775 0.12625
0.0393206 17.0528 0.11665
0.0167642 14.85645 0.1832
0.0150791 14.59755 0.1613
0.0145065 14.6158 0.14905
0.0260341 15.97105 0.16165
0.0170251 14.8718 0.1587
0.0424849 16.72085 0.19805
0.0154282 14.4307 0.15405
0.0241713 15.6593 0.1718
0.0366089 16.7664 0.13185
0.0290319 16.2413 0.123
0.0100186 13.90745 0.19825
0.0251511 16.1648 0.1376
0.0102734 14.0496 0.2048
0.0365253 16.5851 0.2001
0.0338818 16.45115 0.16785
0.0125212 14.4486 0.171
0.0246281 15.82815 0.13295
0.0187228 15.3534 0.14115
0.0337137 16.36835 0.1667
0.0286547 16.3438 0.12735
0.0330316 16.57565 0.1563
0.0390806 16.7928 0.1127
0.0698972 17.8882 0.1248
0.0528599 17.23215 0.12285
0.0246662 15.7896 0.1405
0.0338258 16.6581 0.12485
0.0276724 16.0051 0.13405
0.0317583 16.64085 0.12525
0.0326762 16.38795 0.1403
0.0439496 17.2822 0.1025
0.041604 16.93145 0.1209
0.053783 17.73355 0.1203
0.0198385 15.2868 0.12735
0.0309232 16.59205 0.12775
0.0398464 16.9967 0.1259
0.0257115 15.93305 0.1399
0.0258254 16.06745 0.1248
0.0261859 15.87545 0.126
0.0229509 15.6236 0.1338
0.0482264 17.57225 0.158
0.0393206 16.7302 0.1297
0.064345 18.16815 0.11055
0.0172377 14.9841 0.1341
0.0249325 15.8607 0.1496
0.0214211 15.53085 0.1381
0.030585 16.1279 0.14115
0.0640648 18.31035 0.1248
0.0219953 15.56975 0.1391
0.0471562 17.32405 0.12545
0.0306414 16.3736 0.12625
0.0331999 16.61295 0.1249
0.042934 17.2055 0.14795
0.0150791 14.74935 0.1526
0.0295784 16.25295 0.1342
0.0369521 16.9021 0.16555
0.0355124 16.77055 0.12655
0.0216222 15.7795 0.13695
0.0138262 14.64805 0.16195
0.0556238 17.792 0.11395
0.0556684 17.7707 0.10045
0.0644413 18.1778 0.15105
0.0199922 15.7067 0.156
0.028126 16.02685 0.1316
0.0232849 15.7013 0.1335
0.0143025 14.89705 0.16765
0.0318708 16.452 0.1185
0.0606359 17.78945 0.1136
0.016358 15.01385 0.15025
0.0508642 17.4687 0.1439
0.0306602 16.21965 0.11945
0.0267735 15.9978 0.1291
0.0249515 15.5514 0.1259
0.023447 15.78645 0.12635
0.0358007 16.56045 0.1177
0.0329568 16.39975 0.12455
0.0239522 15.6001 0.1278
0.0166868 14.91335 0.1531
0.0160289 15.17685 0.15115
0.0308575 16.34225 0.12125
0.0356798 16.74885 0.12725
0.0284848 15.8648 0.1457
0.0171024 15.26595 0.1485
0.034544 16.59205 0.1761
0.027663 16.04785 0.1364
0.0479364 17.2903 0.16335
0.0409422 16.93325 0.117
0.0311204 16.23615 0.1431
0.0267829 16.0669 0.14255
0.0295879 16.28725 0.1419
0.0169478 14.9294 0.1556
0.0659705 18.05925 0.1229
0.050729 17.62205 0.1398
0.0279749 16.10835 0.12155
0.0339844 16.42245 0.15235
0.0323954 16.4802 0.15235
0.044443 17.18185 0.11625
0.0576617 17.9246 0.11905
0.0450179 17.16275 0.12315
0.0207599 15.4466 0.1437
0.0387203 16.8206 0.11335
0.0371932 16.86145 0.1275
0.032077 16.39225 0.12215
0.023571 15.68035 0.1291
0.0275873 16.1044 0.12155
0.0103223 13.9248 0.20035
0.019973 15.42955 0.14185
0.0449814 16.9842 0.14465
0.0383136 16.7074 0.1146
0.012053 14.4566 0.1737
0.0125505 14.2811 0.1749
0.0173246 14.9354 0.1562
0.0212487 15.502 0.13615
0.0154767 14.86115 0.1939
0.0193386 15.27645 0.15785
0.0165031 14.92685 0.15925
0.0121115 14.4674 0.17765
0.0505308 17.57915 0.12805
0.0296444 15.88935 0.45085
0.0291356 16.1733 0.12025
0.0148366 14.6193 0.15445
0.0150694 14.6705 0.1456
0.0450087 17.1679 0.1151
0.0329849 16.515 0.1148
0.0149724 14.53545 0.1635
0.0148172 14.69915 0.1491
0.0268871 16.23455 0.1179
0.0324984 16.59355 0.1061
0.0142636 14.6408 0.16555
0.0248374 15.86575 0.1242
0.0107042 14.0086 0.18445
0.0171121 15.1 0.1498
0.0199057 15.30565 0.1353
0.0459745 17.4344 0.12175
0.0217466 15.3918 0.13205
0.0273414 16.3465 0.12485
0.0517552 17.4521 0.1018
0.0541141 17.60445 0.1094
0.0204817 15.36595 0.1368
0.0143316 14.99535 0.1656
0.0413191 16.97675 0.10685
0.0316927 16.3843 0.1205
0.0328727 16.35135 0.11105
0.0136316 14.47835 0.15385
0.0484528 17.42035 0.1224
0.0172183 15.0558 0.1465
0.0242189 15.64995 0.13485
0.0279938 16.09165 0.13605
0.0154379 14.7589 0.1525
0.0214977 15.36745 0.1436
0.0331251 16.4701 0.12025
0.0166965 14.6697 0.1558
0.0267829 16.23595 0.1341
0.0332373 16.6071 0.12105
0.0130085 14.55605 0.17285
0.0169671 14.9156 0.1511
0.0119456 13.9791 0.1914
0.0513954 17.3218 0.11385
0.0193194 15.45455 0.1578
0.0163483 14.6312 0.14705
0.0234184 15.8239 0.13525
0.0304817 16.31895 0.12075
0.0127455 14.1903 0.1716
0.0368594 16.99715 0.1201
0.0150888 14.9486 0.16405
0.0257494 15.91835 0.1425
0.0198 15.02285 0.15165
0.0359587 16.8196 0.11505
0.0229413 15.66265 0.13895
0.016087 14.8831 0.1518
0.022244 15.5348 0.13625
0.18717 21.0138 0.14645
0.276222 22.52675 0.14085
0.20217 21.09145 0.11245
0.132464 19.93715 0.11585
0.303975 22.84545 0.14185
0.0929047 19.15365 0.1077
0.270946 22.12745 0.10645
0.318169 22.7822 0.11645
0.163894 20.50135 0.109
0.237549 21.7417 0.10825
0.0311955 16.472 0.1289
0.0990098 19.29245 0.12085
0.184086 20.723 0.12425
0.20667 21.22765 0.12265
0.184046 20.8629 0.1228
0.309192 22.59905 0.1524
0.305589 22.85455 0.16925
0.252292 21.74045 0.14605
0.345768 22.8422 0.14315
0.365535 23.2359 0.14515
0.279409 22.3891 0.15885
0.264711 21.92755 0.1335
0.257615 21.7912 0.14045
0.305203 22.56615 0.132
0.258837 21.8575 0.11575
0.300773 22.5444 0.12545
0.336949 22.7793 0.14135
0.223874 21.4826 0.1256
0.147347 20.49025 0.1308
0.241125 21.8387 0.1521
0.215742 21.50715 0.1382
0.0933241 18.90405 0.12325
0.170703 20.5539 0.15765
0.209236 21.2449 0.1389
0.19006 20.8644 0.19515
0.176507 20.73405 0.17345
0.299641 23.03515 0.17065
0.286804 22.2536 0.149
0.243673 21.54775 0.14025
0.311167 22.72345 0.12465
0.138963 20.07365 0.12015
0.260142 22.05965 0.1158
0.199359 21.02715 0.11585
0.075982 18.52945 0.1223
0.0957428 19.1167 0.10015
0.249773 22.0508 0.14375
0.0927813 19.0531 0.1106
0.226497 21.4896 0.1351
0.117146 19.53775 0.0994
0.213144 21.22425 0.12
0.0912726 19.0807 0.10935
0.261246 22.1458 0.14555
0.297521 22.599 0.2655
0.23084 21.71085 0.11935
0.128624 19.88745 0.11365
0.186019 20.96525 0.12895
0.121883 19.82205 0.1072
0.125438 19.88005 0.10815
0.0842575 18.9547 0.1139
0.135546 20.1239 0.12545
0.192578 21.19555 0.2471
0.130049 20.15155 0.16675
0.336509 22.9937 0.1404
0.20159 21.20755 0.11325
0.221166 21.3163 0.1146
0.191462 21.0224 0.1241
0.254243 21.88785 0.1485
0.208786 21.064 0.1418
0.258556 22.1162 0.13315
0.242969 21.71485 0.1245
0.119121 19.80745 0.1216
0.23469 21.88165 0.1627
0.189378 21.21045 0.1599
0.23123 21.91835 0.1704
0.268915 21.9904 0.12345
0.144861 20.2554 0.1144
0.0738683 18.337 0.10315
0.152973 20.3864 0.1142
0.153052 20.34675 0.16425
0.18756 21.03315 0.15375
0.0438125 17.29255 0.1243
0.181308 20.7853 0.1197
0.167173 20.5274 0.21145
0.0701999 18.378 0.11965
0.0255976 15.98385 0.1362
0.160658 20.055 0.15515
0.150887 20.3552 0.11035
0.156417 20.5371 0.1169
0.25888 22.02925 0.13805
0.21341 21.30945 0.10785
0.226078 21.17535 0.1226
0.270345 21.7944 0.11375
0.0879324 18.8215 0.14795
0.152959 20.2752 0.1117
0.215354 21.3734 0.1525
0.196852 21.2589 0.1441
0.265435 21.9082 0.2036
0.187995 20.92185 0.1499
0.127765 19.91105 0.11095
0.137544 20.18505 0.1775
0.295422 22.4583 0.14905
0.241815 21.66595 0.15665
0.34185 22.97595 0.19605
0.130956 19.9375 0.11
0.23224 21.6135 0.15825
0.174052 20.73865 0.1623
0.193178 20.71895 0.1478
0.249137 21.7581 0.12005
0.167166 20.72485 0.1607
0.265149 22.1621 0.14215
0.195333 21.3408 0.1213
0.181308 20.82175 0.14915
0.107685 19.3688 0.1916
0.254621 21.88605 0.16925
0.200326 21.0268 0.13165
0.275646 22.1535 0.1307
0.237101 21.81735 0.13845
0.16625 20.3968 0.14145
0.193555 21.0934 0.1643
0.334553 22.89585 0.20855
0.270142 22.10035 0.1358
0.212605 21.36745 0.13725
0.20831 21.391 0.1313
0.211363 21.22475 0.16715
0.23548 21.95175 0.1182
0.200006 21.3768 0.1625
0.219061 21.3787 0.11055
0.239428 21.9041 0.12485
0.247215 22.1329 0.16575
0.247804 21.9869 0.11895
0.205391 21.13905 0.14085
0.183327 20.6681 0.15385
0.174093 20.9208 0.1231
0.279196 22.2944 0.18525
0.234549 21.6875 0.1493
0.267351 22.2065 0.1423
0.199231 21.1327 0.1596
0.230059 21.39335 0.16425
0.110043 19.5741 0.1083
0.249018 21.7689 0.1401
0.276652 22.18595 0.1824
0.194029 21.13115 0.11795
0.14635 20.2873 0.17315
0.172733 20.859 0.16115
0.224566 21.715 0.1649
0.197425 21.1466 0.1219
0.120175 19.76145 0.12305
0.130903 19.8557 0.11605
0.106105 19.26765 0.1244
0.196748 21.05305 0.1237
0.259643 21.9623 0.10725
0.382686 23.4834 0.1156
0.180234 20.83145 0.10825
0.0903219 19.1829 0.10965
0.29076 22.4668 0.20545
0.334558 22.81425 0.2082
0.276259 22.31495 0.143
0.218683 21.2969 0.11365
0.187461 20.74845 0.15255
0.299195 22.5594 0.1627
0.354897 23.1391 0.14355
0.24546 21.96765 0.14105
0.259764 22.00245 0.1283
0.247169 21.97245 0.18155
0.310625 22.4503 0.1316
0.0605124 18.09975 0.1085
0.0615528 17.91255 0.12675
0.241338 21.8116 0.12465
0.126935 20.2551 0.1724
0.122399 19.7799 0.1129
0.300538 22.75515 0.1527
0.177909 20.59575 0.11555
0.268021 21.88675 0.1841
0.275798 22.2063 0.1382
0.296201 22.47585 0.16245
0.166375 20.61175 0.15295
0.338143 22.8206 0.17305
0.29921 22.6189 0.15295
0.24 21.9342 0.1522
0.366383 23.2802 0.1624
0.325127 23.0166 0.15415
0.281955 22.18855 0.1588
0.147914 20.08825 0.1083
0.248454 21.9984 0.1153
0.230461 21.70345 0.1614
0.186615 20.95825 0.1411
0.226551 21.54425 0.1708
0.172603 20.59295 0.11275
0.215742 21.2869 0.11615
0.232758 21.66825 0.11865
0.264176 22.19585 0.1342
0.264814 21.8702 0.1604
0.258721 21.98165 0.1223
0.386714 23.3169 0.11795
0.242952 22.0192 0.15495
0.337757 22.84675 0.1182
0.268182 22.0067 0.1243
0.121443 19.7944 0.1038
0.151967 20.54675 0.14915
0.146445 20.22 0.11585
0.21289 21.2356 0.1242
0.257543 22.23255 0.2533
0.324059 22.6131 0.1463
0.241815 21.9169 0.137
0.341581 22.9578 0.1518
0.27531 22.18215 0.1306
0.270547 22.13805 0.26375
0.153633 20.474 0.12575
0.182833 20.75105 0.12225
0.123845 19.8422 0.13225
0.23411 21.68485 0.12015
0.288109 22.12805 0.15365
0.222262 21.43725 0.1358
0.231691 21.5859 0.13495
0.208786 21.2319 0.12955
0.333738 22.9717 0.1963
0.233863 21.64295 0.1129
0.278489 22.28245 0.126
0.165693 20.6442 0.1223
0.0835861 18.75805 0.1103
0.323392 22.9261 0.1649
0.249018 21.831 0.11675
0.320537 22.70965 0.15
0.248578 21.7726 0.15595
0.206903 21.3572 0.14225
0.0666505 18.15745 0.1192
0.153554 20.426 0.1593
0.252778 21.91315 0.151
0.108822 19.37365 0.11495
0.200077 21.1135 0.14315
0.138273 20.16235 0.167
0.229839 21.99485 0.16045
0.27999 22.11805 0.14095
0.226276 21.4687 0.1649
0.24722 21.6655 0.17245
0.234004 21.6995 0.13305
0.222068 21.46645 0.1395
0.300141 22.4792 0.1471
0.152305 20.481 0.1699
0.159374 20.50025 0.1605
0.199032 21.19025 0.14705
0.290413 22.48095 0.19045
0.194497 20.85675 0.13015
0.252325 21.8791 0.16625
0.0659443 18.48435 0.29975
0.25676 21.9593 0.1626
0.248459 21.98705 0.15615
0.0520878 17.60185 0.1165
0.297551 22.37855 0.1425
0.0968208 19.19495 0.1111
0.222032 21.2265 0.12315
0.245585 21.91925 0.1384
0.250897 21.74575 0.1129
0.225347 21.30595 0.15955
0.305835 22.4238 0.13695
0.19427 21.09055 0.1118
0.315542 22.75035 0.16435
0.106696 19.33475 0.1245
0.352914 23.34415 0.1462
0.291559 22.6089 0.1289
0.211655 21.34225 0.14435
0.0474013 17.35275 0.13525
0.291438 22.5817 0.15385
0.0686325 18.2355 0.1566
0.241511 22.0816 0.21085
0.295427 22.16135 0.152
0.295913 22.49015 0.2331
0.305001 22.46285 0.19185
0.324507 22.68865 0.17225
0.166528 20.66375 0.13595
0.231614 21.81235 0.1445
0.224926 21.4412 0.13835
0.236175 21.58775 0.1462
0.228157 21.7291 0.123
0.252884 21.88335 0.13905
0.274626 22.21555 0.1463
0.082232 18.72405 0.11685
0.310678 22.6586 0.15475
0.315256 22.8011 0.14725
0.546691 25.73935 0.3352
0.570815 25.6034 0.1484
0.606299 25.9072 0.21065
0.607843 26.00705 0.18565
0.62963 26.0592 0.2832
0.642857 26.2011 0.18795
0.693252 26.877 0.2548
0.656829 26.1609 0.2559
0.565217 25.52015 0.17875
0.57265 25.4652 0.1632
0.50495 24.88235 0.1657
0.423631 23.70605 0.134
0.528302 25.0639 0.1649
0.55157 25.28615 0.19155
0.55157 25.4985 0.17085
0.460626 24.3128 0.21455
0.578059 25.5159 0.1622
0.493722 24.7061 0.13985
0.492386 25.11545 0.26175
0.425287 23.8446 0.12605
0.58159 25.36305 0.20125
0.566161 25.2642 0.235
0.483204 24.2666 0.1658
0.503476 24.85445 0.2291
0.568035 25.54235 0.1987
0.521989 24.63835 0.26405
